[{'p_node_id': 50, 'p_net_x': array([[0.        , 0.8061224 , 0.26349208, 1.        , 0.        ],
       [0.40816328, 0.7653061 , 0.7285714 , 0.95873016, 0.        ],
       [0.64285713, 0.64285713, 0.09047619, 0.21428572, 0.        ],
       [0.10204082, 0.68367344, 0.06190476, 0.43968254, 0.        ],
       [0.36734694, 0.9591837 , 0.0952381 , 0.2968254 , 0.        ],
       [0.39795917, 0.70408165, 0.3015873 , 0.37619048, 0.        ],
       [0.2244898 , 0.8979592 , 0.06031746, 0.44920635, 0.        ],
       [0.03061225, 0.86734694, 0.2777778 , 0.7952381 , 0.        ],
       [0.20408164, 0.63265306, 0.05396825, 0.11746032, 0.        ],
       [0.3469388 , 0.53061223, 0.21428572, 0.25238097, 0.        ],
       [0.46938777, 0.9489796 , 0.21587302, 0.6698413 , 0.        ],
       [0.24489796, 0.75510204, 0.25079367, 0.46507937, 0.        ],
       [0.3877551 , 0.9183673 , 0.2746032 , 0.731746  , 0.        ],
       [0.06122449, 0.52040815, 0.45873016, 0.64920634, 0.        ],
       [0.52040815, 0.75510204, 0.08571429, 0.44444445, 0.        ],
       [0.67346936, 0.71428573, 0.17619048, 0.26349208, 0.        ],
       [0.36734694, 0.81632656, 0.0047619 , 0.08253969, 0.        ],
       [0.56122446, 0.56122446, 0.47936508, 0.7746032 , 0.        ],
       [0.59183675, 0.78571427, 0.18888889, 0.22539683, 0.        ],
       [0.20408164, 0.53061223, 0.1904762 , 0.26507938, 0.        ],
       [0.6632653 , 0.9897959 , 0.23174603, 0.36825398, 0.        ],
       [0.64285713, 0.64285713, 0.43015873, 0.78571427, 0.        ],
       [0.90816325, 0.90816325, 0.26984128, 0.71746033, 0.        ],
       [0.30612245, 0.97959185, 0.11269841, 0.33015874, 0.        ],
       [0.13265306, 0.6632653 , 0.13968255, 0.8857143 , 0.        ],
       [0.25510204, 0.6938776 , 0.2777778 , 0.51111114, 0.        ],
       [0.19387755, 0.9183673 , 0.03809524, 0.12063492, 0.        ],
       [0.7653061 , 0.96938777, 0.36190477, 0.60634923, 0.        ],
       [0.2244898 , 0.6122449 , 0.05714286, 0.11904762, 0.        ],
       [0.68367344, 0.68367344, 0.30793652, 0.32698414, 0.        ],
       [0.25510204, 0.59183675, 0.35873017, 0.54126984, 0.        ],
       [0.5714286 , 0.6530612 , 0.1904762 , 0.41904762, 0.        ],
       [0.01020408, 0.93877554, 0.02063492, 0.37777779, 0.        ],
       [0.5       , 0.7653061 , 0.22539683, 0.2936508 , 0.        ],
       [0.10204082, 0.5816327 , 0.12380952, 0.46984127, 0.        ],
       [0.25510204, 1.        , 0.35238096, 0.4873016 , 0.        ],
       [0.37755102, 0.59183675, 0.11587302, 0.47301587, 0.        ],
       [0.13265306, 0.64285713, 0.2015873 , 0.515873  , 0.        ],
       [0.1122449 , 0.5102041 , 0.21746032, 0.7380952 , 0.        ],
       [0.48979592, 0.5102041 , 0.07777778, 0.21904762, 0.        ],
       [0.33673468, 0.78571427, 0.15555556, 0.25714287, 0.        ],
       [0.1734694 , 0.9591837 , 0.16507937, 0.25873017, 0.        ],
       [0.39795917, 0.9285714 , 0.40952381, 0.7746032 , 0.        ],
       [0.2857143 , 0.67346936, 0.25238097, 0.41587302, 0.        ],
       [0.10204082, 0.71428573, 0.23968254, 0.8       , 0.        ],
       [0.4489796 , 0.877551  , 0.42063493, 0.85873014, 0.        ],
       [0.47959185, 0.877551  , 0.13015874, 0.3936508 , 0.        ],
       [0.10204082, 0.5102041 , 0.47936508, 0.94603175, 0.        ],
       [0.5816327 , 0.5816327 , 0.34603176, 0.42222223, 0.        ],
       [0.2755102 , 0.5408163 , 0.02380952, 0.18730159, 0.        ]],
      dtype=float32), 'p_net_edge_index': array([[ 0,  0,  0,  0,  0,  0,  0,  0,  1,  1,  1,  1,  1,  1,  1,  1,
         2,  2,  3,  3,  3,  4,  4,  4,  5,  5,  6,  6,  6,  7,  7,  7,
         7,  7,  8,  9,  9, 10, 10, 10, 10, 11, 11, 11, 12, 12, 12, 13,
        13, 13, 14, 14, 14, 15, 15, 16, 17, 17, 17, 17, 17, 18, 19, 19,
        20, 21, 21, 21, 22, 22, 23, 23, 23, 24, 24, 24, 24, 25, 27, 27,
        28, 29, 29, 30, 30, 31, 31, 32, 32, 33, 35, 36, 37, 37, 38, 38,
        39, 40, 45,  3, 12, 22, 25, 36, 37, 45, 49,  5, 10, 21, 27, 29,
        44, 45, 47, 14, 22, 11, 12, 42, 25, 36, 44, 13, 30,  7, 42, 46,
        17, 36, 42, 44, 47, 31, 18, 48, 12, 24, 38, 47, 20, 42, 48, 13,
        20, 48, 22, 38, 45, 24, 32, 35, 35, 38, 32, 24, 27, 33, 35, 38,
        21, 21, 30, 22, 25, 44, 47, 26, 39, 27, 34, 47, 34, 38, 44, 49,
        30, 37, 45, 42, 42, 48, 45, 47, 34, 46, 34, 46, 43, 45, 43, 40,
        44, 41, 47, 43, 41, 47],
       [ 3, 12, 22, 25, 36, 37, 45, 49,  5, 10, 21, 27, 29, 44, 45, 47,
        14, 22, 11, 12, 42, 25, 36, 44, 13, 30,  7, 42, 46, 17, 36, 42,
        44, 47, 31, 18, 48, 12, 24, 38, 47, 20, 42, 48, 13, 20, 48, 22,
        38, 45, 24, 32, 35, 35, 38, 32, 24, 27, 33, 35, 38, 21, 21, 30,
        22, 25, 44, 47, 26, 39, 27, 34, 47, 34, 38, 44, 49, 30, 37, 45,
        42, 42, 48, 45, 47, 34, 46, 34, 46, 43, 45, 43, 40, 44, 41, 47,
        43, 41, 47,  0,  0,  0,  0,  0,  0,  0,  0,  1,  1,  1,  1,  1,
         1,  1,  1,  2,  2,  3,  3,  3,  4,  4,  4,  5,  5,  6,  6,  6,
         7,  7,  7,  7,  7,  8,  9,  9, 10, 10, 10, 10, 11, 11, 11, 12,
        12, 12, 13, 13, 13, 14, 14, 14, 15, 15, 16, 17, 17, 17, 17, 17,
        18, 19, 19, 20, 21, 21, 21, 22, 22, 23, 23, 23, 24, 24, 24, 24,
        25, 27, 27, 28, 29, 29, 30, 30, 31, 31, 32, 32, 33, 35, 36, 37,
        37, 38, 38, 39, 40, 45]]), 'v_net_x': array([[0.5       , 0.0047619 ],
       [0.24489796, 0.0047619 ]], dtype=float32)}, {'p_node_id': 29, 'p_net_x': array([[0.        , 0.8061224 , 0.26349208, 1.        , 0.        ],
       [0.40816328, 0.7653061 , 0.7285714 , 0.95873016, 0.        ],
       [0.64285713, 0.64285713, 0.09047619, 0.21428572, 0.        ],
       [0.10204082, 0.68367344, 0.06190476, 0.43968254, 0.        ],
       [0.36734694, 0.9591837 , 0.0952381 , 0.2968254 , 0.        ],
       [0.39795917, 0.70408165, 0.3015873 , 0.37619048, 0.        ],
       [0.2244898 , 0.8979592 , 0.06031746, 0.44920635, 0.        ],
       [0.03061225, 0.86734694, 0.2777778 , 0.7952381 , 0.        ],
       [0.20408164, 0.63265306, 0.05396825, 0.11746032, 0.        ],
       [0.3469388 , 0.53061223, 0.21428572, 0.25238097, 0.        ],
       [0.46938777, 0.9489796 , 0.21587302, 0.6698413 , 0.        ],
       [0.24489796, 0.75510204, 0.25079367, 0.46507937, 0.        ],
       [0.3877551 , 0.9183673 , 0.2746032 , 0.731746  , 0.        ],
       [0.06122449, 0.52040815, 0.45873016, 0.64920634, 0.        ],
       [0.52040815, 0.75510204, 0.08571429, 0.44444445, 0.        ],
       [0.67346936, 0.71428573, 0.17619048, 0.26349208, 0.        ],
       [0.36734694, 0.81632656, 0.0047619 , 0.08253969, 0.        ],
       [0.56122446, 0.56122446, 0.47936508, 0.7746032 , 0.        ],
       [0.59183675, 0.78571427, 0.18888889, 0.22539683, 0.        ],
       [0.20408164, 0.53061223, 0.1904762 , 0.26507938, 0.        ],
       [0.6632653 , 0.9897959 , 0.23174603, 0.36825398, 0.        ],
       [0.64285713, 0.64285713, 0.43015873, 0.78571427, 0.        ],
       [0.90816325, 0.90816325, 0.26984128, 0.71746033, 0.        ],
       [0.30612245, 0.97959185, 0.11269841, 0.33015874, 0.        ],
       [0.13265306, 0.6632653 , 0.13968255, 0.8857143 , 0.        ],
       [0.25510204, 0.6938776 , 0.2777778 , 0.51111114, 0.        ],
       [0.19387755, 0.9183673 , 0.03809524, 0.12063492, 0.        ],
       [0.7653061 , 0.96938777, 0.36190477, 0.60634923, 0.        ],
       [0.2244898 , 0.6122449 , 0.05714286, 0.11904762, 0.        ],
       [0.18367347, 0.68367344, 0.30793652, 0.32698414, 1.        ],
       [0.25510204, 0.59183675, 0.35873017, 0.54126984, 0.        ],
       [0.5714286 , 0.6530612 , 0.1904762 , 0.41904762, 0.        ],
       [0.01020408, 0.93877554, 0.02063492, 0.37777779, 0.        ],
       [0.5       , 0.7653061 , 0.22539683, 0.2936508 , 0.        ],
       [0.10204082, 0.5816327 , 0.12380952, 0.46984127, 0.        ],
       [0.25510204, 1.        , 0.35238096, 0.4873016 , 0.        ],
       [0.37755102, 0.59183675, 0.11587302, 0.47301587, 0.        ],
       [0.13265306, 0.64285713, 0.2015873 , 0.515873  , 0.        ],
       [0.1122449 , 0.5102041 , 0.21746032, 0.7380952 , 0.        ],
       [0.48979592, 0.5102041 , 0.07777778, 0.21904762, 0.        ],
       [0.33673468, 0.78571427, 0.15555556, 0.25714287, 0.        ],
       [0.1734694 , 0.9591837 , 0.16507937, 0.25873017, 0.        ],
       [0.39795917, 0.9285714 , 0.40952381, 0.7746032 , 0.        ],
       [0.2857143 , 0.67346936, 0.25238097, 0.41587302, 0.        ],
       [0.10204082, 0.71428573, 0.23968254, 0.8       , 0.        ],
       [0.4489796 , 0.877551  , 0.42063493, 0.85873014, 0.        ],
       [0.47959185, 0.877551  , 0.13015874, 0.3936508 , 0.        ],
       [0.10204082, 0.5102041 , 0.47936508, 0.94603175, 0.        ],
       [0.5816327 , 0.5816327 , 0.34603176, 0.42222223, 0.        ],
       [0.2755102 , 0.5408163 , 0.02380952, 0.18730159, 0.        ]],
      dtype=float32), 'p_net_edge_index': array([[ 0,  0,  0,  0,  0,  0,  0,  0,  1,  1,  1,  1,  1,  1,  1,  1,
         2,  2,  3,  3,  3,  4,  4,  4,  5,  5,  6,  6,  6,  7,  7,  7,
         7,  7,  8,  9,  9, 10, 10, 10, 10, 11, 11, 11, 12, 12, 12, 13,
        13, 13, 14, 14, 14, 15, 15, 16, 17, 17, 17, 17, 17, 18, 19, 19,
        20, 21, 21, 21, 22, 22, 23, 23, 23, 24, 24, 24, 24, 25, 27, 27,
        28, 29, 29, 30, 30, 31, 31, 32, 32, 33, 35, 36, 37, 37, 38, 38,
        39, 40, 45,  3, 12, 22, 25, 36, 37, 45, 49,  5, 10, 21, 27, 29,
        44, 45, 47, 14, 22, 11, 12, 42, 25, 36, 44, 13, 30,  7, 42, 46,
        17, 36, 42, 44, 47, 31, 18, 48, 12, 24, 38, 47, 20, 42, 48, 13,
        20, 48, 22, 38, 45, 24, 32, 35, 35, 38, 32, 24, 27, 33, 35, 38,
        21, 21, 30, 22, 25, 44, 47, 26, 39, 27, 34, 47, 34, 38, 44, 49,
        30, 37, 45, 42, 42, 48, 45, 47, 34, 46, 34, 46, 43, 45, 43, 40,
        44, 41, 47, 43, 41, 47],
       [ 3, 12, 22, 25, 36, 37, 45, 49,  5, 10, 21, 27, 29, 44, 45, 47,
        14, 22, 11, 12, 42, 25, 36, 44, 13, 30,  7, 42, 46, 17, 36, 42,
        44, 47, 31, 18, 48, 12, 24, 38, 47, 20, 42, 48, 13, 20, 48, 22,
        38, 45, 24, 32, 35, 35, 38, 32, 24, 27, 33, 35, 38, 21, 21, 30,
        22, 25, 44, 47, 26, 39, 27, 34, 47, 34, 38, 44, 49, 30, 37, 45,
        42, 42, 48, 45, 47, 34, 46, 34, 46, 43, 45, 43, 40, 44, 41, 47,
        43, 41, 47,  0,  0,  0,  0,  0,  0,  0,  0,  1,  1,  1,  1,  1,
         1,  1,  1,  2,  2,  3,  3,  3,  4,  4,  4,  5,  5,  6,  6,  6,
         7,  7,  7,  7,  7,  8,  9,  9, 10, 10, 10, 10, 11, 11, 11, 12,
        12, 12, 13, 13, 13, 14, 14, 14, 15, 15, 16, 17, 17, 17, 17, 17,
        18, 19, 19, 20, 21, 21, 21, 22, 22, 23, 23, 23, 24, 24, 24, 24,
        25, 27, 27, 28, 29, 29, 30, 30, 31, 31, 32, 32, 33, 35, 36, 37,
        37, 38, 38, 39, 40, 45]]), 'v_net_x': array([[0.5       , 0.0047619 ],
       [0.24489796, 0.0047619 ]], dtype=float32)}]

___1__
[array([29]), array([22])]

____2_
[0.5, 0.8941176470588236]

____3_
[False, True]

___4__
[{'p_node_id': 29, 'p_net_x': array([[0.        , 0.8061224 , 0.26349208, 1.        , 0.        ],
       [0.40816328, 0.7653061 , 0.7285714 , 0.95873016, 0.        ],
       [0.64285713, 0.64285713, 0.09047619, 0.21428572, 0.        ],
       [0.10204082, 0.68367344, 0.06190476, 0.43968254, 0.        ],
       [0.36734694, 0.9591837 , 0.0952381 , 0.2968254 , 0.        ],
       [0.39795917, 0.70408165, 0.3015873 , 0.37619048, 0.        ],
       [0.2244898 , 0.8979592 , 0.06031746, 0.44920635, 0.        ],
       [0.03061225, 0.86734694, 0.2777778 , 0.7952381 , 0.        ],
       [0.20408164, 0.63265306, 0.05396825, 0.11746032, 0.        ],
       [0.3469388 , 0.53061223, 0.21428572, 0.25238097, 0.        ],
       [0.46938777, 0.9489796 , 0.21587302, 0.6698413 , 0.        ],
       [0.24489796, 0.75510204, 0.25079367, 0.46507937, 0.        ],
       [0.3877551 , 0.9183673 , 0.2746032 , 0.731746  , 0.        ],
       [0.06122449, 0.52040815, 0.45873016, 0.64920634, 0.        ],
       [0.52040815, 0.75510204, 0.08571429, 0.44444445, 0.        ],
       [0.67346936, 0.71428573, 0.17619048, 0.26349208, 0.        ],
       [0.36734694, 0.81632656, 0.0047619 , 0.08253969, 0.        ],
       [0.56122446, 0.56122446, 0.47936508, 0.7746032 , 0.        ],
       [0.59183675, 0.78571427, 0.18888889, 0.22539683, 0.        ],
       [0.20408164, 0.53061223, 0.1904762 , 0.26507938, 0.        ],
       [0.6632653 , 0.9897959 , 0.23174603, 0.36825398, 0.        ],
       [0.64285713, 0.64285713, 0.43015873, 0.78571427, 0.        ],
       [0.90816325, 0.90816325, 0.26984128, 0.71746033, 0.        ],
       [0.30612245, 0.97959185, 0.11269841, 0.33015874, 0.        ],
       [0.13265306, 0.6632653 , 0.13968255, 0.8857143 , 0.        ],
       [0.25510204, 0.6938776 , 0.2777778 , 0.51111114, 0.        ],
       [0.19387755, 0.9183673 , 0.03809524, 0.12063492, 0.        ],
       [0.7653061 , 0.96938777, 0.36190477, 0.60634923, 0.        ],
       [0.2244898 , 0.6122449 , 0.05714286, 0.11904762, 0.        ],
       [0.18367347, 0.68367344, 0.30793652, 0.32698414, 1.        ],
       [0.25510204, 0.59183675, 0.35873017, 0.54126984, 0.        ],
       [0.5714286 , 0.6530612 , 0.1904762 , 0.41904762, 0.        ],
       [0.01020408, 0.93877554, 0.02063492, 0.37777779, 0.        ],
       [0.5       , 0.7653061 , 0.22539683, 0.2936508 , 0.        ],
       [0.10204082, 0.5816327 , 0.12380952, 0.46984127, 0.        ],
       [0.25510204, 1.        , 0.35238096, 0.4873016 , 0.        ],
       [0.37755102, 0.59183675, 0.11587302, 0.47301587, 0.        ],
       [0.13265306, 0.64285713, 0.2015873 , 0.515873  , 0.        ],
       [0.1122449 , 0.5102041 , 0.21746032, 0.7380952 , 0.        ],
       [0.48979592, 0.5102041 , 0.07777778, 0.21904762, 0.        ],
       [0.33673468, 0.78571427, 0.15555556, 0.25714287, 0.        ],
       [0.1734694 , 0.9591837 , 0.16507937, 0.25873017, 0.        ],
       [0.39795917, 0.9285714 , 0.40952381, 0.7746032 , 0.        ],
       [0.2857143 , 0.67346936, 0.25238097, 0.41587302, 0.        ],
       [0.10204082, 0.71428573, 0.23968254, 0.8       , 0.        ],
       [0.4489796 , 0.877551  , 0.42063493, 0.85873014, 0.        ],
       [0.47959185, 0.877551  , 0.13015874, 0.3936508 , 0.        ],
       [0.10204082, 0.5102041 , 0.47936508, 0.94603175, 0.        ],
       [0.5816327 , 0.5816327 , 0.34603176, 0.42222223, 0.        ],
       [0.2755102 , 0.5408163 , 0.02380952, 0.18730159, 0.        ]],
      dtype=float32), 'p_net_edge_index': array([[ 0,  0,  0,  0,  0,  0,  0,  0,  1,  1,  1,  1,  1,  1,  1,  1,
         2,  2,  3,  3,  3,  4,  4,  4,  5,  5,  6,  6,  6,  7,  7,  7,
         7,  7,  8,  9,  9, 10, 10, 10, 10, 11, 11, 11, 12, 12, 12, 13,
        13, 13, 14, 14, 14, 15, 15, 16, 17, 17, 17, 17, 17, 18, 19, 19,
        20, 21, 21, 21, 22, 22, 23, 23, 23, 24, 24, 24, 24, 25, 27, 27,
        28, 29, 29, 30, 30, 31, 31, 32, 32, 33, 35, 36, 37, 37, 38, 38,
        39, 40, 45,  3, 12, 22, 25, 36, 37, 45, 49,  5, 10, 21, 27, 29,
        44, 45, 47, 14, 22, 11, 12, 42, 25, 36, 44, 13, 30,  7, 42, 46,
        17, 36, 42, 44, 47, 31, 18, 48, 12, 24, 38, 47, 20, 42, 48, 13,
        20, 48, 22, 38, 45, 24, 32, 35, 35, 38, 32, 24, 27, 33, 35, 38,
        21, 21, 30, 22, 25, 44, 47, 26, 39, 27, 34, 47, 34, 38, 44, 49,
        30, 37, 45, 42, 42, 48, 45, 47, 34, 46, 34, 46, 43, 45, 43, 40,
        44, 41, 47, 43, 41, 47],
       [ 3, 12, 22, 25, 36, 37, 45, 49,  5, 10, 21, 27, 29, 44, 45, 47,
        14, 22, 11, 12, 42, 25, 36, 44, 13, 30,  7, 42, 46, 17, 36, 42,
        44, 47, 31, 18, 48, 12, 24, 38, 47, 20, 42, 48, 13, 20, 48, 22,
        38, 45, 24, 32, 35, 35, 38, 32, 24, 27, 33, 35, 38, 21, 21, 30,
        22, 25, 44, 47, 26, 39, 27, 34, 47, 34, 38, 44, 49, 30, 37, 45,
        42, 42, 48, 45, 47, 34, 46, 34, 46, 43, 45, 43, 40, 44, 41, 47,
        43, 41, 47,  0,  0,  0,  0,  0,  0,  0,  0,  1,  1,  1,  1,  1,
         1,  1,  1,  2,  2,  3,  3,  3,  4,  4,  4,  5,  5,  6,  6,  6,
         7,  7,  7,  7,  7,  8,  9,  9, 10, 10, 10, 10, 11, 11, 11, 12,
        12, 12, 13, 13, 13, 14, 14, 14, 15, 15, 16, 17, 17, 17, 17, 17,
        18, 19, 19, 20, 21, 21, 21, 22, 22, 23, 23, 23, 24, 24, 24, 24,
        25, 27, 27, 28, 29, 29, 30, 30, 31, 31, 32, 32, 33, 35, 36, 37,
        37, 38, 38, 39, 40, 45]]), 'v_net_x': array([[0.5       , 0.0047619 ],
       [0.24489796, 0.0047619 ]], dtype=float32)}, {'p_node_id': 22, 'p_net_x': array([[0.        , 0.8061224 , 0.25396827, 1.        , 0.        ],
       [0.40816328, 0.7653061 , 0.7285714 , 0.95873016, 0.        ],
       [0.64285713, 0.64285713, 0.09047619, 0.21428572, 0.        ],
       [0.10204082, 0.68367344, 0.05238095, 0.43968254, 0.        ],
       [0.36734694, 0.9591837 , 0.0952381 , 0.2968254 , 0.        ],
       [0.39795917, 0.70408165, 0.3015873 , 0.37619048, 0.        ],
       [0.2244898 , 0.8979592 , 0.06031746, 0.44920635, 0.        ],
       [0.03061225, 0.86734694, 0.2777778 , 0.7952381 , 0.        ],
       [0.20408164, 0.63265306, 0.05396825, 0.11746032, 0.        ],
       [0.3469388 , 0.53061223, 0.21428572, 0.25238097, 0.        ],
       [0.46938777, 0.9489796 , 0.21587302, 0.6698413 , 0.        ],
       [0.24489796, 0.75510204, 0.25079367, 0.46507937, 0.        ],
       [0.3877551 , 0.9183673 , 0.2746032 , 0.731746  , 0.        ],
       [0.06122449, 0.52040815, 0.45873016, 0.64920634, 0.        ],
       [0.52040815, 0.75510204, 0.08571429, 0.44444445, 0.        ],
       [0.67346936, 0.71428573, 0.17619048, 0.26349208, 0.        ],
       [0.36734694, 0.81632656, 0.0047619 , 0.08253969, 0.        ],
       [0.56122446, 0.56122446, 0.47936508, 0.7746032 , 0.        ],
       [0.59183675, 0.78571427, 0.18888889, 0.22539683, 0.        ],
       [0.20408164, 0.53061223, 0.1904762 , 0.26507938, 0.        ],
       [0.6632653 , 0.9897959 , 0.23174603, 0.36825398, 0.        ],
       [0.64285713, 0.64285713, 0.43015873, 0.78571427, 0.        ],
       [0.6632653 , 0.90816325, 0.26507938, 0.71746033, 1.        ],
       [0.30612245, 0.97959185, 0.11269841, 0.33015874, 0.        ],
       [0.13265306, 0.6632653 , 0.13968255, 0.8857143 , 0.        ],
       [0.25510204, 0.6938776 , 0.2777778 , 0.51111114, 0.        ],
       [0.19387755, 0.9183673 , 0.03809524, 0.12063492, 0.        ],
       [0.7653061 , 0.96938777, 0.36190477, 0.60634923, 0.        ],
       [0.2244898 , 0.6122449 , 0.05714286, 0.11904762, 0.        ],
       [0.18367347, 0.68367344, 0.30317461, 0.32698414, 1.        ],
       [0.25510204, 0.59183675, 0.35873017, 0.54126984, 0.        ],
       [0.5714286 , 0.6530612 , 0.1904762 , 0.41904762, 0.        ],
       [0.01020408, 0.93877554, 0.02063492, 0.37777779, 0.        ],
       [0.5       , 0.7653061 , 0.22539683, 0.2936508 , 0.        ],
       [0.10204082, 0.5816327 , 0.12380952, 0.46984127, 0.        ],
       [0.25510204, 1.        , 0.35238096, 0.4873016 , 0.        ],
       [0.37755102, 0.59183675, 0.11587302, 0.47301587, 0.        ],
       [0.13265306, 0.64285713, 0.2015873 , 0.515873  , 0.        ],
       [0.1122449 , 0.5102041 , 0.21746032, 0.7380952 , 0.        ],
       [0.48979592, 0.5102041 , 0.07777778, 0.21904762, 0.        ],
       [0.33673468, 0.78571427, 0.15555556, 0.25714287, 0.        ],
       [0.1734694 , 0.9591837 , 0.16507937, 0.25873017, 0.        ],
       [0.39795917, 0.9285714 , 0.4       , 0.7746032 , 0.        ],
       [0.2857143 , 0.67346936, 0.25238097, 0.41587302, 0.        ],
       [0.10204082, 0.71428573, 0.23968254, 0.8       , 0.        ],
       [0.4489796 , 0.877551  , 0.42063493, 0.85873014, 0.        ],
       [0.47959185, 0.877551  , 0.13015874, 0.3936508 , 0.        ],
       [0.10204082, 0.5102041 , 0.47936508, 0.94603175, 0.        ],
       [0.5816327 , 0.5816327 , 0.34603176, 0.42222223, 0.        ],
       [0.2755102 , 0.5408163 , 0.02380952, 0.18730159, 0.        ]],
      dtype=float32), 'p_net_edge_index': array([[ 0,  0,  0,  0,  0,  0,  0,  0,  1,  1,  1,  1,  1,  1,  1,  1,
         2,  2,  3,  3,  3,  4,  4,  4,  5,  5,  6,  6,  6,  7,  7,  7,
         7,  7,  8,  9,  9, 10, 10, 10, 10, 11, 11, 11, 12, 12, 12, 13,
        13, 13, 14, 14, 14, 15, 15, 16, 17, 17, 17, 17, 17, 18, 19, 19,
        20, 21, 21, 21, 22, 22, 23, 23, 23, 24, 24, 24, 24, 25, 27, 27,
        28, 29, 29, 30, 30, 31, 31, 32, 32, 33, 35, 36, 37, 37, 38, 38,
        39, 40, 45,  3, 12, 22, 25, 36, 37, 45, 49,  5, 10, 21, 27, 29,
        44, 45, 47, 14, 22, 11, 12, 42, 25, 36, 44, 13, 30,  7, 42, 46,
        17, 36, 42, 44, 47, 31, 18, 48, 12, 24, 38, 47, 20, 42, 48, 13,
        20, 48, 22, 38, 45, 24, 32, 35, 35, 38, 32, 24, 27, 33, 35, 38,
        21, 21, 30, 22, 25, 44, 47, 26, 39, 27, 34, 47, 34, 38, 44, 49,
        30, 37, 45, 42, 42, 48, 45, 47, 34, 46, 34, 46, 43, 45, 43, 40,
        44, 41, 47, 43, 41, 47],
       [ 3, 12, 22, 25, 36, 37, 45, 49,  5, 10, 21, 27, 29, 44, 45, 47,
        14, 22, 11, 12, 42, 25, 36, 44, 13, 30,  7, 42, 46, 17, 36, 42,
        44, 47, 31, 18, 48, 12, 24, 38, 47, 20, 42, 48, 13, 20, 48, 22,
        38, 45, 24, 32, 35, 35, 38, 32, 24, 27, 33, 35, 38, 21, 21, 30,
        22, 25, 44, 47, 26, 39, 27, 34, 47, 34, 38, 44, 49, 30, 37, 45,
        42, 42, 48, 45, 47, 34, 46, 34, 46, 43, 45, 43, 40, 44, 41, 47,
        43, 41, 47,  0,  0,  0,  0,  0,  0,  0,  0,  1,  1,  1,  1,  1,
         1,  1,  1,  2,  2,  3,  3,  3,  4,  4,  4,  5,  5,  6,  6,  6,
         7,  7,  7,  7,  7,  8,  9,  9, 10, 10, 10, 10, 11, 11, 11, 12,
        12, 12, 13, 13, 13, 14, 14, 14, 15, 15, 16, 17, 17, 17, 17, 17,
        18, 19, 19, 20, 21, 21, 21, 22, 22, 23, 23, 23, 24, 24, 24, 24,
        25, 27, 27, 28, 29, 29, 30, 30, 31, 31, 32, 32, 33, 35, 36, 37,
        37, 38, 38, 39, 40, 45]]), 'v_net_x': array([[0.5       , 0.0047619 ],
       [0.24489796, 0.0047619 ]], dtype=float32)}]
