tensor([-6.6920e+20,  1.2021e+21,  2.0190e+20, -2.2418e+18, -3.8163e+20,
         2.6813e+21, -3.6712e+21, -5.9064e+20,  6.7739e+20, -5.9237e+19,
        -1.0037e+20,  2.6859e+21, -8.2999e+20,  2.4721e+21,  3.4828e+21,
        -2.9210e+21,  1.7904e+21,  6.3367e+19, -1.3764e+21,  1.4087e+21,
         3.2428e+21, -2.6422e+21, -3.7095e+21,  2.5797e+21,  1.3210e+21,
         7.8891e+20,  1.9436e+21, -1.5219e+21,  6.1469e+20, -7.8313e+20,
         1.2821e+21,  1.0515e+21, -1.1756e+21, -3.5850e+21,  6.2140e+20,
         1.2023e+21, -2.3407e+21,  8.5845e+20, -2.6224e+21,  6.2081e+20,
        -2.5609e+21, -1.2506e+21, -9.6113e+20, -1.9907e+20,  3.3773e+21,
         6.3701e+19, -2.4124e+21, -3.2830e+20,  1.9389e+21, -4.8175e+20,
        -2.5499e+20, -8.7874e+20, -4.1259e+21, -2.3451e+21, -3.8823e+20,
         1.3984e+21, -1.2633e+21, -3.4673e+19,  4.4648e+21, -2.2146e+21,
        -6.7978e+20, -1.7614e+21, -1.5407e+21,  3.8030e+20])----input----

tensor([0.0000e+00, 1.2021e+21, 2.0190e+20, 0.0000e+00, 0.0000e+00, 2.6813e+21,
        0.0000e+00, 0.0000e+00, 6.7739e+20, 0.0000e+00, 0.0000e+00, 2.6859e+21,
        0.0000e+00, 2.4721e+21, 3.4828e+21, 0.0000e+00, 1.7904e+21, 6.3367e+19,
        0.0000e+00, 1.4087e+21, 3.2428e+21, 0.0000e+00, 0.0000e+00, 2.5797e+21,
        1.3210e+21, 7.8891e+20, 1.9436e+21, 0.0000e+00, 6.1469e+20, 0.0000e+00,
        1.2821e+21, 1.0515e+21, 0.0000e+00, 0.0000e+00, 6.2140e+20, 1.2023e+21,
        0.0000e+00, 8.5845e+20, 0.0000e+00, 6.2081e+20, 0.0000e+00, 0.0000e+00,
        0.0000e+00, 0.0000e+00, 3.3773e+21, 6.3701e+19, 0.0000e+00, 0.0000e+00,
        1.9389e+21, 0.0000e+00, 0.0000e+00, 0.0000e+00, 0.0000e+00, 0.0000e+00,
        0.0000e+00, 1.3984e+21, 0.0000e+00, 0.0000e+00, 4.4648e+21, 0.0000e+00,
        0.0000e+00, 0.0000e+00, 0.0000e+00, 3.8030e+20])----output----

