tensor([nan, nan, nan, nan, nan, nan, nan, nan, nan, nan, nan, nan, nan, nan, nan, nan, nan, nan, nan, nan, nan, nan, nan, nan,
        nan, nan, nan, nan, nan, nan, nan, nan, nan, nan, nan, nan, nan, nan, nan, nan, nan, nan, nan, nan, nan, nan, nan, nan,
        nan, nan], grad_fn=<TanhBackward0>)----output----

tensor([0.0000, 0.0184, 0.9114, 0.0000, 0.4968, 0.0000, 0.0000, 0.0000, 0.0000,
        0.8964, 0.0000, 0.0000, 0.5647, 0.0000, 0.0000, 0.0000, 0.0000, 0.9731,
        0.4256, 0.0000, 0.6273, 0.9031, 0.6756, 0.5828, 0.0000, 0.0000, 0.0000,
        1.5633, 1.2978, 0.0000, 1.7365, 0.0000, 0.7218, 0.0000, 0.0000, 0.0000,
        1.5558, 0.0000, 0.7576, 0.0000, 0.0000, 0.0000, 0.0000, 0.0502, 0.5770,
        0.0000, 0.0000, 0.8476, 0.5209, 0.9424, 0.2252, 0.0000, 1.7292, 0.0000,
        1.1734, 0.0000, 1.2690, 0.0000, 0.2654, 1.7691, 0.4654, 0.0000, 1.0940,
        0.1937], grad_fn=<ReluBackward0>)----output----

