tensor([0.0000e+00, 2.3580e+20, 1.4436e+21, 0.0000e+00, 1.2492e+21, 5.6393e+21,
        4.5767e+21, 1.6727e+19, 0.0000e+00, 6.1397e+21, 1.4392e+21, 3.5879e+19,
        0.0000e+00, 0.0000e+00, 0.0000e+00, 0.0000e+00, 0.0000e+00, 0.0000e+00,
        1.1449e+21, 0.0000e+00, 7.2794e+21, 0.0000e+00, 6.2612e+21, 0.0000e+00,
        7.1597e+20, 0.0000e+00, 0.0000e+00, 2.4075e+21, 0.0000e+00, 7.5781e+20,
        0.0000e+00, 0.0000e+00, 0.0000e+00, 1.0596e+22, 3.2490e+21, 4.2583e+21,
        8.3883e+21, 0.0000e+00, 0.0000e+00, 0.0000e+00, 0.0000e+00, 3.9625e+21,
        0.0000e+00, 0.0000e+00, 0.0000e+00, 0.0000e+00, 2.7085e+21, 0.0000e+00,
        3.5417e+20, 3.1805e+21, 3.6666e+21, 0.0000e+00, 1.6248e+21, 1.0634e+21,
        0.0000e+00, 0.0000e+00, 1.9945e+21, 7.3731e+21, 2.2060e+21, 0.0000e+00,
        0.0000e+00, 0.0000e+00, 0.0000e+00, 6.1590e+20, 0.0000e+00, 0.0000e+00,
        9.9695e+20, 8.9368e+20, 0.0000e+00, 3.2445e+21, 0.0000e+00, 0.0000e+00,
        2.3111e+21, 2.8621e+21, 0.0000e+00, 0.0000e+00, 6.6320e+21, 0.0000e+00,
        8.0310e+20, 3.0943e+21, 5.5922e+20, 0.0000e+00, 5.2952e+21, 2.2412e+21,
        1.8461e+21, 1.8156e+21, 1.6235e+21, 0.0000e+00, 1.0134e+21, 0.0000e+00,
        5.3233e+21, 2.4225e+21, 0.0000e+00, 0.0000e+00, 1.0013e+21, 4.2019e+21,
        2.3693e+21, 0.0000e+00, 0.0000e+00, 0.0000e+00, 0.0000e+00, 0.0000e+00,
        5.7462e+21, 7.1793e+21, 0.0000e+00, 5.1020e+21, 0.0000e+00, 0.0000e+00,
        0.0000e+00, 2.5517e+19, 5.7129e+19, 4.4024e+21, 0.0000e+00, 0.0000e+00,
        5.1943e+21, 1.7528e+21, 0.0000e+00, 2.8538e+21, 0.0000e+00, 0.0000e+00])----input----

tensor([-6.6920e+20,  1.2021e+21,  2.0190e+20, -2.2418e+18, -3.8163e+20,
         2.6813e+21, -3.6712e+21, -5.9064e+20,  6.7739e+20, -5.9237e+19,
        -1.0037e+20,  2.6859e+21, -8.2999e+20,  2.4721e+21,  3.4828e+21,
        -2.9210e+21,  1.7904e+21,  6.3367e+19, -1.3764e+21,  1.4087e+21,
         3.2428e+21, -2.6422e+21, -3.7095e+21,  2.5797e+21,  1.3210e+21,
         7.8891e+20,  1.9436e+21, -1.5219e+21,  6.1469e+20, -7.8313e+20,
         1.2821e+21,  1.0515e+21, -1.1756e+21, -3.5850e+21,  6.2140e+20,
         1.2023e+21, -2.3407e+21,  8.5845e+20, -2.6224e+21,  6.2081e+20,
        -2.5609e+21, -1.2506e+21, -9.6113e+20, -1.9907e+20,  3.3773e+21,
         6.3701e+19, -2.4124e+21, -3.2830e+20,  1.9389e+21, -4.8175e+20,
        -2.5499e+20, -8.7874e+20, -4.1259e+21, -2.3451e+21, -3.8823e+20,
         1.3984e+21, -1.2633e+21, -3.4673e+19,  4.4648e+21, -2.2146e+21,
        -6.7978e+20, -1.7614e+21, -1.5407e+21,  3.8030e+20])----output----

