tensor([[[-1.5962,  2.0742,  0.2929,  ..., -1.4322, -2.0104, -2.3477],
         [-2.1291,  1.4862,  0.6680,  ..., -1.4314, -2.6651, -1.7338],
         [-1.3716, -1.7186,  0.2602,  ..., -2.5896,  0.1586,  1.1822],
         ...,
         [-0.6332, -1.7883,  0.2133,  ..., -0.6605,  0.0843,  2.3296],
         [-2.0891,  0.1771,  1.0609,  ..., -2.4603, -1.9482, -0.4285],
         [ 1.0488,  2.1376,  2.1715,  ...,  0.8573, -0.6704,  1.8693]]])torch.Size([1, 50, 128])

tensor([[-1.4058, -1.7034,  0.1732,  0.3162, -0.6698,  0.3060, -0.6195, -0.5272,
         -2.0194,  0.1142,  0.0948, -0.2314, -0.6349, -0.5010,  0.3757, -0.6040,
         -0.1701, -0.2283,  0.4928, -0.2178, -0.1089,  0.1049, -0.6551,  0.0219,
          0.2833, -0.2492,  0.4640, -2.1986, -0.7542, -0.1020,  0.1557,  0.3348,
          0.0136, -0.8284, -0.2117, -0.5690,  0.1618, -1.2733,  0.4098,  0.3571,
         -0.1842,  0.3075, -0.4091,  0.3801, -0.7370, -0.1591,  0.2426, -0.1568,
         -1.0215, -0.9491]])torch.Size([1, 50])