tensor([0.0000e+00, 1.2021e+21, 2.0190e+20, 0.0000e+00, 0.0000e+00, 2.6813e+21,
        0.0000e+00, 0.0000e+00, 6.7739e+20, 0.0000e+00, 0.0000e+00, 2.6859e+21,
        0.0000e+00, 2.4721e+21, 3.4828e+21, 0.0000e+00, 1.7904e+21, 6.3367e+19,
        0.0000e+00, 1.4087e+21, 3.2428e+21, 0.0000e+00, 0.0000e+00, 2.5797e+21,
        1.3210e+21, 7.8891e+20, 1.9436e+21, 0.0000e+00, 6.1469e+20, 0.0000e+00,
        1.2821e+21, 1.0515e+21, 0.0000e+00, 0.0000e+00, 6.2140e+20, 1.2023e+21,
        0.0000e+00, 8.5845e+20, 0.0000e+00, 6.2081e+20, 0.0000e+00, 0.0000e+00,
        0.0000e+00, 0.0000e+00, 3.3773e+21, 6.3701e+19, 0.0000e+00, 0.0000e+00,
        1.9389e+21, 0.0000e+00, 0.0000e+00, 0.0000e+00, 0.0000e+00, 0.0000e+00,
        0.0000e+00, 1.3984e+21, 0.0000e+00, 0.0000e+00, 4.4648e+21, 0.0000e+00,
        0.0000e+00, 0.0000e+00, 0.0000e+00, 3.8030e+20])----input----

tensor([-1., -1., -1.,  1.,  1., -1.,  1., -1., -1., -1.,  1.,  1.,  1., -1.,
        -1.,  1.,  1.,  1.,  1.,  1., -1.,  1.,  1.,  1.,  1., -1.,  1., -1.,
        -1., -1.,  1.,  1., -1., -1.,  1., -1., -1., -1., -1., -1.,  1.,  1.,
         1.,  1., -1., -1.,  1.,  1., -1.,  1.])----output----

